--------------------
I 0 1 1 0 0 0 0 1 0 1 0 1 O 0 0 0 0 0 0 0 0 0
I 0 0 0 0 0 0 0 0 1 1 0 0 O 0 1 1 1 0 1 1 0 1
I 0 0 0 0 0 0 0 0 0 1 0 0 O 0 1 1 0 1 1 1 1 1
I 0 0 0 0 0 0 0 0 1 1 0 0 O 0 1 1 0 0 1 1 1 1
I 0 0 0 0 0 0 0 0 0 1 0 0 O 0 1 1 0 0 0 0 1 1
I 0 0 0 0 0 0 0 0 1 1 0 0 O 0 1 1 0 1 1 0 0 1
I 0 0 0 0 0 0 0 0 0 1 0 0 O 0 0 0 0 0 0 0 0 0
--------------------
I 0 1 1 0 0 0 1 0 0 1 0 1 O 0 0 0 0 0 0 0 0 0
I 0 0 0 0 0 0 0 0 1 1 0 0 O 0 1 1 0 0 0 1 1 1
I 0 0 0 0 0 0 0 0 0 1 0 0 O 0 1 1 0 1 1 1 1 1
I 0 0 0 0 0 0 0 0 1 1 0 0 O 0 1 1 0 1 1 1 0 1
I 0 0 0 0 0 0 0 0 0 1 0 0 O 0 1 1 1 0 0 1 1 1
I 0 0 0 0 0 0 0 0 1 1 0 0 O 0 1 1 0 1 1 1 1 1
I 0 0 0 0 0 0 0 0 0 1 0 0 O 0 1 1 0 0 0 0 1 1
I 0 0 0 0 0 0 0 0 1 1 0 0 O 0 1 1 0 1 1 1 0 1
I 0 0 0 0 0 0 0 0 0 1 0 0 O 0 1 1 1 0 1 0 0 1
I 0 0 0 0 0 0 0 0 1 1 0 0 O 0 1 1 0 0 1 0 1 1
I 0 0 0 0 0 0 0 0 0 1 0 0 O 0 0 0 0 0 0 0 0 0
--------------------
I 0 1 1 0 0 0 1 1 0 1 0 1 O 0 0 0 0 0 0 0 0 0
I 0 0 0 0 0 0 0 0 1 1 0 0 O 0 1 1 0 0 0 1 1 1
I 0 0 0 0 0 0 0 0 0 1 0 0 O 0 1 1 0 1 1 1 1 1
I 0 0 0 0 0 0 0 0 1 1 0 0 O 0 1 1 0 1 1 1 0 1
I 0 0 0 0 0 0 0 0 0 1 0 0 O 0 1 1 1 0 0 1 1 1
I 0 0 0 0 0 0 0 0 1 1 0 0 O 0 1 1 0 1 1 1 1 1
I 0 0 0 0 0 0 0 0 0 1 0 0 O 0 1 1 0 0 0 0 1 1
I 0 0 0 0 0 0 0 0 1 1 0 0 O 0 1 1 0 1 1 1 0 1
I 0 0 0 0 0 0 0 0 0 1 0 0 O 0 1 1 1 0 1 0 0 1
I 0 0 0 0 0 0 0 0 1 1 0 0 O 0 1 1 0 0 1 0 1 1
I 0 0 0 0 0 0 0 0 0 1 0 0 O 0 0 0 0 0 0 0 0 0
--------------------
I 0 1 1 0 0 1 0 0 0 1 0 1 O 0 0 0 0 0 0 0 0 0
I 0 0 0 0 0 0 0 0 1 1 0 0 O 0 1 1 0 0 0 1 1 1
I 0 0 0 0 0 0 0 0 0 1 0 0 O 0 1 1 0 1 1 1 1 1
I 0 0 0 0 0 0 0 0 1 1 0 0 O 0 1 1 0 1 1 1 0 1
I 0 0 0 0 0 0 0 0 0 1 0 0 O 0 1 1 1 0 0 1 1 1
I 0 0 0 0 0 0 0 0 1 1 0 0 O 0 1 1 0 1 1 1 1 1
I 0 0 0 0 0 0 0 0 0 1 0 0 O 0 1 1 0 0 0 0 1 1
I 0 0 0 0 0 0 0 0 1 1 0 0 O 0 1 1 0 1 1 1 0 1
I 0 0 0 0 0 0 0 0 0 1 0 0 O 0 1 1 1 0 1 0 0 1
I 0 0 0 0 0 0 0 0 1 1 0 0 O 0 1 1 0 0 1 0 1 1
I 0 0 0 0 0 0 0 0 0 1 0 0 O 0 0 0 0 0 0 0 0 0
--------------------
I 0 1 1 0 0 1 0 1 0 1 0 1 O 0 0 0 0 0 0 0 0 0
I 0 0 0 0 0 0 0 0 1 1 0 0 O 0 1 1 1 0 1 1 0 1
I 0 0 0 0 0 0 0 0 0 1 0 0 O 0 1 1 0 1 1 1 1 1
I 0 0 0 0 0 0 0 0 1 1 0 0 O 0 1 1 0 0 1 1 1 1
I 0 0 0 0 0 0 0 0 0 1 0 0 O 0 1 1 0 0 0 0 1 1
I 0 0 0 0 0 0 0 0 1 1 0 0 O 0 1 1 0 1 1 0 0 1
I 0 0 0 0 0 0 0 0 0 1 0 0 O 0 0 0 0 0 0 0 0 0
--------------------
I 0 1 1 0 0 1 1 0 0 1 0 1 O 0 0 0 0 0 0 0 0 0
I 0 0 0 0 0 0 0 0 1 1 0 0 O 0 1 1 0 0 0 1 1 1
I 0 0 0 0 0 0 0 0 0 1 0 0 O 0 1 1 0 1 1 1 1 1
I 0 0 0 0 0 0 0 0 1 1 0 0 O 0 1 1 0 1 1 1 0 1
I 0 0 0 0 0 0 0 0 0 1 0 0 O 0 1 1 1 0 0 1 1 1
I 0 0 0 0 0 0 0 0 1 1 0 0 O 0 1 1 0 1 1 1 1 1
I 0 0 0 0 0 0 0 0 0 1 0 0 O 0 1 1 0 0 0 0 1 1
I 0 0 0 0 0 0 0 0 1 1 0 0 O 0 1 1 0 1 1 1 0 1
I 0 0 0 0 0 0 0 0 0 1 0 0 O 0 1 1 1 0 1 0 0 1
I 0 0 0 0 0 0 0 0 1 1 0 0 O 0 1 1 0 0 1 0 1 1
I 0 0 0 0 0 0 0 0 0 1 0 0 O 0 0 0 0 0 0 0 0 0
--------------------
I 0 1 1 0 0 1 1 1 0 1 0 1 O 0 0 0 0 0 0 0 0 0
I 0 0 0 0 0 0 0 0 1 1 0 0 O 0 1 1 0 0 0 1 1 1
I 0 0 0 0 0 0 0 0 0 1 0 0 O 0 1 1 0 1 1 1 1 1
I 0 0 0 0 0 0 0 0 1 1 0 0 O 0 1 1 0 1 1 1 0 1
I 0 0 0 0 0 0 0 0 0 1 0 0 O 0 1 1 1 0 0 1 1 1
I 0 0 0 0 0 0 0 0 1 1 0 0 O 0 1 1 0 1 1 1 1 1
I 0 0 0 0 0 0 0 0 0 1 0 0 O 0 1 1 0 0 0 0 1 1
I 0 0 0 0 0 0 0 0 1 1 0 0 O 0 1 1 0 1 1 1 0 1
I 0 0 0 0 0 0 0 0 0 1 0 0 O 0 1 1 1 0 1 0 0 1
I 0 0 0 0 0 0 0 0 1 1 0 0 O 0 1 1 0 0 1 0 1 1
I 0 0 0 0 0 0 0 0 0 1 0 0 O 0 0 0 0 0 0 0 0 0
--------------------
I 0 1 1 0 1 0 0 0 0 1 0 1 O 0 0 0 0 0 0 0 0 0
I 0 0 0 0 0 0 0 0 1 1 0 0 O 0 1 1 0 0 0 1 1 1
I 0 0 0 0 0 0 0 0 0 1 0 0 O 0 1 1 0 1 1 1 1 1
I 0 0 0 0 0 0 0 0 1 1 0 0 O 0 1 1 0 1 1 1 0 1
I 0 0 0 0 0 0 0 0 0 1 0 0 O 0 1 1 1 0 0 1 1 1
I 0 0 0 0 0 0 0 0 1 1 0 0 O 0 1 1 0 1 1 1 1 1
I 0 0 0 0 0 0 0 0 0 1 0 0 O 0 1 1 0 0 0 0 1 1
I 0 0 0 0 0 0 0 0 1 1 0 0 O 0 1 1 0 1 1 1 0 1
I 0 0 0 0 0 0 0 0 0 1 0 0 O 0 1 1 1 0 1 0 0 1
I 0 0 0 0 0 0 0 0 1 1 0 0 O 0 1 1 0 0 1 0 1 1
I 0 0 0 0 0 0 0 0 0 1 0 0 O 0 0 0 0 0 0 0 0 0
--------------------
I 0 1 1 0 1 0 0 1 0 1 0 1 O 0 0 0 0 0 0 0 0 0
I 0 0 0 0 0 0 0 0 1 1 0 0 O 0 1 1 1 0 1 1 0 1
I 0 0 0 0 0 0 0 0 0 1 0 0 O 0 1 1 0 1 1 1 1 1
I 0 0 0 0 0 0 0 0 1 1 0 0 O 0 1 1 0 0 1 1 1 1
I 0 0 0 0 0 0 0 0 0 1 0 0 O 0 1 1 0 0 0 0 1 1
I 0 0 0 0 0 0 0 0 1 1 0 0 O 0 1 1 0 1 1 0 0 1
I 0 0 0 0 0 0 0 0 0 1 0 0 O 0 0 0 0 0 0 0 0 0
--------------------
I 0 1 1 0 1 1 0 0 0 1 0 1 O 0 0 0 0 0 0 0 0 0
I 0 0 0 0 0 0 0 0 1 1 0 0 O 0 1 1 0 0 0 1 1 1
I 0 0 0 0 0 0 0 0 0 1 0 0 O 0 1 1 0 1 1 1 1 1
I 0 0 0 0 0 0 0 0 1 1 0 0 O 0 1 1 0 1 1 1 0 1
I 0 0 0 0 0 0 0 0 0 1 0 0 O 0 1 1 1 0 0 1 1 1
I 0 0 0 0 0 0 0 0 1 1 0 0 O 0 1 1 0 1 1 1 1 1
I 0 0 0 0 0 0 0 0 0 1 0 0 O 0 1 1 0 0 0 0 1 1
I 0 0 0 0 0 0 0 0 1 1 0 0 O 0 1 1 0 1 1 1 0 1
I 0 0 0 0 0 0 0 0 0 1 0 0 O 0 1 1 1 0 1 0 0 1
I 0 0 0 0 0 0 0 0 1 1 0 0 O 0 1 1 0 0 1 0 1 1
I 0 0 0 0 0 0 0 0 0 1 0 0 O 0 0 0 0 0 0 0 0 0
--------------------
I 0 1 1 0 1 1 0 1 0 1 0 1 O 0 0 0 0 0 0 0 0 0
I 0 0 0 0 0 0 0 0 1 1 0 0 O 0 1 1 0 0 0 1 1 1
I 0 0 0 0 0 0 0 0 0 1 0 0 O 0 1 1 0 1 1 1 1 1
I 0 0 0 0 0 0 0 0 1 1 0 0 O 0 1 1 0 1 1 1 0 1
I 0 0 0 0 0 0 0 0 0 1 0 0 O 0 1 1 1 0 0 1 1 1
I 0 0 0 0 0 0 0 0 1 1 0 0 O 0 1 1 0 1 1 1 1 1
I 0 0 0 0 0 0 0 0 0 1 0 0 O 0 1 1 0 0 0 0 1 1
I 0 0 0 0 0 0 0 0 1 1 0 0 O 0 1 1 0 1 1 1 0 1
I 0 0 0 0 0 0 0 0 0 1 0 0 O 0 1 1 1 0 1 0 0 1
I 0 0 0 0 0 0 0 0 1 1 0 0 O 0 1 1 0 0 1 0 1 1
I 0 0 0 0 0 0 0 0 0 1 0 0 O 0 0 0 0 0 0 0 0 0
--------------------
I 0 1 1 0 1 1 1 0 0 1 0 1 O 0 0 0 0 0 0 0 0 0
I 0 0 0 0 0 0 0 0 1 1 0 0 O 0 1 1 0 0 0 1 1 1
I 0 0 0 0 0 0 0 0 0 1 0 0 O 0 1 1 0 1 1 1 1 1
I 0 0 0 0 0 0 0 0 1 1 0 0 O 0 1 1 0 1 1 1 0 1
I 0 0 0 0 0 0 0 0 0 1 0 0 O 0 1 1 1 0 0 1 1 1
I 0 0 0 0 0 0 0 0 1 1 0 0 O 0 1 1 0 1 1 1 1 1
I 0 0 0 0 0 0 0 0 0 1 0 0 O 0 1 1 0 0 0 0 1 1
I 0 0 0 0 0 0 0 0 1 1 0 0 O 0 1 1 0 1 1 1 0 1
I 0 0 0 0 0 0 0 0 0 1 0 0 O 0 1 1 1 0 1 0 0 1
I 0 0 0 0 0 0 0 0 1 1 0 0 O 0 1 1 0 0 1 0 1 1
I 0 0 0 0 0 0 0 0 0 1 0 0 O 0 0 0 0 0 0 0 0 0
--------------------
I 0 1 1 0 1 1 1 1 0 1 0 1 O 0 0 0 0 0 0 0 0 0
I 0 0 0 0 0 0 0 0 1 1 0 0 O 0 1 1 1 0 1 1 0 1
I 0 0 0 0 0 0 0 0 0 1 0 0 O 0 1 1 0 1 1 1 1 1
I 0 0 0 0 0 0 0 0 1 1 0 0 O 0 1 1 0 0 1 1 1 1
I 0 0 0 0 0 0 0 0 0 1 0 0 O 0 1 1 0 0 0 0 1 1
I 0 0 0 0 0 0 0 0 1 1 0 0 O 0 1 1 0 1 1 0 0 1
I 0 0 0 0 0 0 0 0 0 1 0 0 O 0 0 0 0 0 0 0 0 0
--------------------
I 0 1 1 1 0 0 0 0 0 1 0 1 O 0 0 0 0 0 0 0 0 0
I 0 0 0 0 0 0 0 0 1 1 0 0 O 0 1 1 0 0 0 1 1 1
I 0 0 0 0 0 0 0 0 0 1 0 0 O 0 1 1 0 1 1 1 1 1
I 0 0 0 0 0 0 0 0 1 1 0 0 O 0 1 1 0 1 1 1 0 1
I 0 0 0 0 0 0 0 0 0 1 0 0 O 0 1 1 1 0 0 1 1 1
I 0 0 0 0 0 0 0 0 1 1 0 0 O 0 1 1 0 1 1 1 1 1
I 0 0 0 0 0 0 0 0 0 1 0 0 O 0 1 1 0 0 0 0 1 1
I 0 0 0 0 0 0 0 0 1 1 0 0 O 0 1 1 0 1 1 1 0 1
I 0 0 0 0 0 0 0 0 0 1 0 0 O 0 1 1 1 0 1 0 0 1
I 0 0 0 0 0 0 0 0 1 1 0 0 O 0 1 1 0 0 1 0 1 1
I 0 0 0 0 0 0 0 0 0 1 0 0 O 0 0 0 0 0 0 0 0 0
--------------------
I 0 1 1 1 0 0 0 1 0 1 0 1 O 0 0 0 0 0 0 0 0 0
I 0 0 0 0 0 0 0 0 1 1 0 0 O 0 1 1 0 0 0 1 1 1
I 0 0 0 0 0 0 0 0 0 1 0 0 O 0 1 1 0 1 1 1 1 1
I 0 0 0 0 0 0 0 0 1 1 0 0 O 0 1 1 0 1 1 1 0 1
I 0 0 0 0 0 0 0 0 0 1 0 0 O 0 1 1 1 0 0 1 1 1
I 0 0 0 0 0 0 0 0 1 1 0 0 O 0 1 1 0 1 1 1 1 1
I 0 0 0 0 0 0 0 0 0 1 0 0 O 0 1 1 0 0 0 0 1 1
I 0 0 0 0 0 0 0 0 1 1 0 0 O 0 1 1 0 1 1 1 0 1
I 0 0 0 0 0 0 0 0 0 1 0 0 O 0 1 1 1 0 1 0 0 1
I 0 0 0 0 0 0 0 0 1 1 0 0 O 0 1 1 0 0 1 0 1 1
I 0 0 0 0 0 0 0 0 0 1 0 0 O 0 0 0 0 0 0 0 0 0
--------------------
I 0 1 1 1 0 1 0 1 0 1 0 1 O 0 0 0 0 0 0 0 0 0
I 0 0 0 0 0 0 0 0 1 1 0 0 O 0 1 1 1 0 1 1 0 1
I 0 0 0 0 0 0 0 0 0 1 0 0 O 0 1 1 0 1 1 1 1 1
I 0 0 0 0 0 0 0 0 1 1 0 0 O 0 1 1 0 0 1 1 1 1
I 0 0 0 0 0 0 0 0 0 1 0 0 O 0 1 1 0 0 0 0 1 1
I 0 0 0 0 0 0 0 0 1 1 0 0 O 0 1 1 0 1 1 0 0 1
I 0 0 0 0 0 0 0 0 0 1 0 0 O 0 0 0 0 0 0 0 0 0
--------------------
I 0 1 1 1 1 0 0 1 0 1 0 1 O 0 0 0 0 0 0 0 0 0
I 0 0 0 0 0 0 0 0 1 1 0 0 O 0 1 1 0 0 0 1 1 1
I 0 0 0 0 0 0 0 0 0 1 0 0 O 0 1 1 0 1 1 1 1 1
I 0 0 0 0 0 0 0 0 1 1 0 0 O 0 1 1 0 1 1 1 0 1
I 0 0 0 0 0 0 0 0 0 1 0 0 O 0 1 1 1 0 0 1 1 1
I 0 0 0 0 0 0 0 0 1 1 0 0 O 0 1 1 0 1 1 1 1 1
I 0 0 0 0 0 0 0 0 0 1 0 0 O 0 1 1 0 0 0 0 1 1
I 0 0 0 0 0 0 0 0 1 1 0 0 O 0 1 1 0 1 1 1 0 1
I 0 0 0 0 0 0 0 0 0 1 0 0 O 0 1 1 1 0 1 0 0 1
I 0 0 0 0 0 0 0 0 1 1 0 0 O 0 1 1 0 0 1 0 1 1
I 0 0 0 0 0 0 0 0 0 1 0 0 O 0 0 0 0 0 0 0 0 0
--------------------
I 0 1 1 1 1 0 1 0 0 1 0 1 O 0 0 0 0 0 0 0 0 0
I 0 0 0 0 0 0 0 0 1 1 0 0 O 0 1 1 0 0 0 1 1 1
I 0 0 0 0 0 0 0 0 0 1 0 0 O 0 1 1 0 1 1 1 1 1
I 0 0 0 0 0 0 0 0 1 1 0 0 O 0 1 1 0 1 1 1 0 1
I 0 0 0 0 0 0 0 0 0 1 0 0 O 0 1 1 1 0 0 1 1 1
I 0 0 0 0 0 0 0 0 1 1 0 0 O 0 1 1 0 1 1 1 1 1
I 0 0 0 0 0 0 0 0 0 1 0 0 O 0 1 1 0 0 0 0 1 1
I 0 0 0 0 0 0 0 0 1 1 0 0 O 0 1 1 0 1 1 1 0 1
I 0 0 0 0 0 0 0 0 0 1 0 0 O 0 1 1 1 0 1 0 0 1
I 0 0 0 0 0 0 0 0 1 1 0 0 O 0 1 1 0 0 1 0 1 1
I 0 0 0 0 0 0 0 0 0 1 0 0 O 0 0 0 0 0 0 0 0 0
--------------------
I 0 1 0 0 0 0 0 1 0 1 0 1 O 0 0 0 0 0 0 0 0 0
I 0 0 0 0 0 0 0 0 1 1 0 0 O 0 1 1 1 0 1 1 0 1
I 0 0 0 0 0 0 0 0 0 1 0 0 O 0 1 1 0 1 1 1 1 1
I 0 0 0 0 0 0 0 0 1 1 0 0 O 0 1 1 0 0 1 1 1 1
I 0 0 0 0 0 0 0 0 0 1 0 0 O 0 1 1 0 0 0 0 1 1
I 0 0 0 0 0 0 0 0 1 1 0 0 O 0 1 1 0 1 1 0 0 1
I 0 0 0 0 0 0 0 0 0 1 0 0 O 0 0 0 0 0 0 0 0 0
--------------------
I 0 1 0 0 0 1 0 0 0 1 0 1 O 0 0 0 0 0 0 0 0 0
I 0 0 0 0 0 0 0 0 1 1 0 0 O 0 1 1 0 0 0 1 1 1
I 0 0 0 0 0 0 0 0 0 1 0 0 O 0 1 1 0 1 1 1 1 1
I 0 0 0 0 0 0 0 0 1 1 0 0 O 0 1 1 0 1 1 1 0 1
I 0 0 0 0 0 0 0 0 0 1 0 0 O 0 1 1 1 0 0 1 1 1
I 0 0 0 0 0 0 0 0 1 1 0 0 O 0 1 1 0 1 1 1 1 1
I 0 0 0 0 0 0 0 0 0 1 0 0 O 0 1 1 0 0 0 0 1 1
I 0 0 0 0 0 0 0 0 1 1 0 0 O 0 1 1 0 1 1 1 0 1
I 0 0 0 0 0 0 0 0 0 1 0 0 O 0 1 1 1 0 1 0 0 1
I 0 0 0 0 0 0 0 0 1 1 0 0 O 0 1 1 0 0 1 0 1 1
I 0 0 0 0 0 0 0 0 0 1 0 0 O 0 0 0 0 0 0 0 0 0
--------------------
I 0 1 0 0 0 1 0 1 0 1 0 1 O 0 0 0 0 0 0 0 0 0
I 0 0 0 0 0 0 0 0 1 1 0 0 O 0 1 1 1 0 1 1 0 1
I 0 0 0 0 0 0 0 0 0 1 0 0 O 0 1 1 0 1 1 1 1 1
I 0 0 0 0 0 0 0 0 1 1 0 0 O 0 1 1 0 0 1 1 1 1
I 0 0 0 0 0 0 0 0 0 1 0 0 O 0 1 1 0 0 0 0 1 1
I 0 0 0 0 0 0 0 0 1 1 0 0 O 0 1 1 0 1 1 0 0 1
I 0 0 0 0 0 0 0 0 0 1 0 0 O 0 0 0 0 0 0 0 0 0
--------------------
I 0 1 0 0 0 1 1 0 0 1 0 1 O 0 0 0 0 0 0 0 0 0
I 0 0 0 0 0 0 0 0 1 1 0 0 O 0 1 1 0 0 0 1 1 1
I 0 0 0 0 0 0 0 0 0 1 0 0 O 0 1 1 0 1 1 1 1 1
I 0 0 0 0 0 0 0 0 1 1 0 0 O 0 1 1 0 1 1 1 0 1
I 0 0 0 0 0 0 0 0 0 1 0 0 O 0 1 1 1 0 0 1 1 1
I 0 0 0 0 0 0 0 0 1 1 0 0 O 0 1 1 0 1 1 1 1 1
I 0 0 0 0 0 0 0 0 0 1 0 0 O 0 1 1 0 0 0 0 1 1
I 0 0 0 0 0 0 0 0 1 1 0 0 O 0 1 1 0 1 1 1 0 1
I 0 0 0 0 0 0 0 0 0 1 0 0 O 0 1 1 1 0 1 0 0 1
I 0 0 0 0 0 0 0 0 1 1 0 0 O 0 1 1 0 0 1 0 1 1
I 0 0 0 0 0 0 0 0 0 1 0 0 O 0 0 0 0 0 0 0 0 0
--------------------
I 0 1 0 0 1 0 0 0 0 1 0 1 O 0 0 0 0 0 0 0 0 0
I 0 0 0 0 0 0 0 0 1 1 0 0 O 0 1 1 0 0 0 1 1 1
I 0 0 0 0 0 0 0 0 0 1 0 0 O 0 1 1 0 1 1 1 1 1
I 0 0 0 0 0 0 0 0 1 1 0 0 O 0 1 1 0 1 1 1 0 1
I 0 0 0 0 0 0 0 0 0 1 0 0 O 0 1 1 1 0 0 1 1 1
I 0 0 0 0 0 0 0 0 1 1 0 0 O 0 1 1 0 1 1 1 1 1
I 0 0 0 0 0 0 0 0 0 1 0 0 O 0 1 1 0 0 0 0 1 1
I 0 0 0 0 0 0 0 0 1 1 0 0 O 0 1 1 0 1 1 1 0 1
I 0 0 0 0 0 0 0 0 0 1 0 0 O 0 1 1 1 0 1 0 0 1
I 0 0 0 0 0 0 0 0 1 1 0 0 O 0 1 1 0 0 1 0 1 1
I 0 0 0 0 0 0 0 0 0 1 0 0 O 0 0 0 0 0 0 0 0 0
--------------------
I 0 1 0 0 1 0 0 1 0 1 0 1 O 0 0 0 0 0 0 0 0 0
I 0 0 0 0 0 0 0 0 1 1 0 0 O 0 1 1 1 0 1 1 0 1
I 0 0 0 0 0 0 0 0 0 1 0 0 O 0 1 1 0 1 1 1 1 1
I 0 0 0 0 0 0 0 0 1 1 0 0 O 0 1 1 0 0 1 1 1 1
I 0 0 0 0 0 0 0 0 0 1 0 0 O 0 1 1 0 0 0 0 1 1
I 0 0 0 0 0 0 0 0 1 1 0 0 O 0 1 1 0 1 1 0 0 1
I 0 0 0 0 0 0 0 0 0 1 0 0 O 0 0 0 0 0 0 0 0 0
--------------------
I 0 1 0 0 1 1 0 1 0 1 0 1 O 0 0 0 0 0 0 0 0 0
I 0 0 0 0 0 0 0 0 1 1 0 0 O 0 1 1 0 0 0 1 1 1
I 0 0 0 0 0 0 0 0 0 1 0 0 O 0 1 1 0 1 1 1 1 1
I 0 0 0 0 0 0 0 0 1 1 0 0 O 0 1 1 0 1 1 1 0 1
I 0 0 0 0 0 0 0 0 0 1 0 0 O 0 1 1 1 0 0 1 1 1
I 0 0 0 0 0 0 0 0 1 1 0 0 O 0 1 1 0 1 1 1 1 1
I 0 0 0 0 0 0 0 0 0 1 0 0 O 0 1 1 0 0 0 0 1 1
I 0 0 0 0 0 0 0 0 1 1 0 0 O 0 1 1 0 1 1 1 0 1
I 0 0 0 0 0 0 0 0 0 1 0 0 O 0 1 1 1 0 1 0 0 1
I 0 0 0 0 0 0 0 0 1 1 0 0 O 0 1 1 0 0 1 0 1 1
I 0 0 0 0 0 0 0 0 0 1 0 0 O 0 0 0 0 0 0 0 0 0
--------------------
I 0 1 0 0 1 1 1 1 0 1 0 1 O 0 0 0 0 0 0 0 0 0
I 0 0 0 0 0 0 0 0 1 1 0 0 O 0 1 1 1 0 1 1 0 1
I 0 0 0 0 0 0 0 0 0 1 0 0 O 0 1 1 0 1 1 1 1 1
I 0 0 0 0 0 0 0 0 1 1 0 0 O 0 1 1 0 0 1 1 1 1
I 0 0 0 0 0 0 0 0 0 1 0 0 O 0 1 1 0 0 0 0 1 1
I 0 0 0 0 0 0 0 0 1 1 0 0 O 0 1 1 0 1 1 0 0 1
I 0 0 0 0 0 0 0 0 0 1 0 0 O 0 0 0 0 0 0 0 0 0
--------------------
I 0 1 0 1 0 0 0 1 0 1 0 1 O 0 0 0 0 0 0 0 0 0
I 0 0 0 0 0 0 0 0 1 1 0 0 O 0 1 1 0 0 0 1 1 1
I 0 0 0 0 0 0 0 0 0 1 0 0 O 0 1 1 0 1 1 1 1 1
I 0 0 0 0 0 0 0 0 1 1 0 0 O 0 1 1 0 1 1 1 0 1
I 0 0 0 0 0 0 0 0 0 1 0 0 O 0 1 1 1 0 0 1 1 1
I 0 0 0 0 0 0 0 0 1 1 0 0 O 0 1 1 0 1 1 1 1 1
I 0 0 0 0 0 0 0 0 0 1 0 0 O 0 1 1 0 0 0 0 1 1
I 0 0 0 0 0 0 0 0 1 1 0 0 O 0 1 1 0 1 1 1 0 1
I 0 0 0 0 0 0 0 0 0 1 0 0 O 0 1 1 1 0 1 0 0 1
I 0 0 0 0 0 0 0 0 1 1 0 0 O 0 1 1 0 0 1 0 1 1
I 0 0 0 0 0 0 0 0 0 1 0 0 O 0 0 0 0 0 0 0 0 0
--------------------
I 0 1 0 1 0 1 0 1 0 1 0 1 O 0 0 0 0 0 0 0 0 0
I 0 0 0 0 0 0 0 0 1 1 0 0 O 0 1 1 1 0 1 1 0 1
I 0 0 0 0 0 0 0 0 0 1 0 0 O 0 1 1 0 1 1 1 1 1
I 0 0 0 0 0 0 0 0 1 1 0 0 O 0 1 1 0 0 1 1 1 1
I 0 0 0 0 0 0 0 0 0 1 0 0 O 0 1 1 0 0 0 0 1 1
I 0 0 0 0 0 0 0 0 1 1 0 0 O 0 1 1 0 1 1 0 0 1
I 0 0 0 0 0 0 0 0 0 1 0 0 O 0 0 0 0 0 0 0 0 0
--------------------
I 0 1 0 1 1 0 0 1 0 1 0 1 O 0 0 0 0 0 0 0 0 0
I 0 0 0 0 0 0 0 0 1 1 0 0 O 0 1 1 0 0 0 1 1 1
I 0 0 0 0 0 0 0 0 0 1 0 0 O 0 1 1 0 1 1 1 1 1
I 0 0 0 0 0 0 0 0 1 1 0 0 O 0 1 1 0 1 1 1 0 1
I 0 0 0 0 0 0 0 0 0 1 0 0 O 0 1 1 1 0 0 1 1 1
I 0 0 0 0 0 0 0 0 1 1 0 0 O 0 1 1 0 1 1 1 1 1
I 0 0 0 0 0 0 0 0 0 1 0 0 O 0 1 1 0 0 0 0 1 1
I 0 0 0 0 0 0 0 0 1 1 0 0 O 0 1 1 0 1 1 1 0 1
I 0 0 0 0 0 0 0 0 0 1 0 0 O 0 1 1 1 0 1 0 0 1
I 0 0 0 0 0 0 0 0 1 1 0 0 O 0 1 1 0 0 1 0 1 1
I 0 0 0 0 0 0 0 0 0 1 0 0 O 0 0 0 0 0 0 0 0 0
--------------------
I 0 1 0 1 1 0 1 0 0 1 0 1 O 0 0 0 0 0 0 0 0 0
I 0 0 0 0 0 0 0 0 1 1 0 0 O 0 1 1 0 0 0 1 1 1
I 0 0 0 0 0 0 0 0 0 1 0 0 O 0 1 1 0 1 1 1 1 1
I 0 0 0 0 0 0 0 0 1 1 0 0 O 0 1 1 0 1 1 1 0 1
I 0 0 0 0 0 0 0 0 0 1 0 0 O 0 1 1 1 0 0 1 1 1
I 0 0 0 0 0 0 0 0 1 1 0 0 O 0 1 1 0 1 1 1 1 1
I 0 0 0 0 0 0 0 0 0 1 0 0 O 0 1 1 0 0 0 0 1 1
I 0 0 0 0 0 0 0 0 1 1 0 0 O 0 1 1 0 1 1 1 0 1
I 0 0 0 0 0 0 0 0 0 1 0 0 O 0 1 1 1 0 1 0 0 1
I 0 0 0 0 0 0 0 0 1 1 0 0 O 0 1 1 0 0 1 0 1 1
I 0 0 0 0 0 0 0 0 0 1 0 0 O 0 0 0 0 0 0 0 0 0
--------------------
I 0 0 1 1 0 0 0 0 0 1 0 1 O 0 0 0 0 0 0 0 0 0
I 0 0 0 0 0 0 0 0 1 1 0 0 O 0 1 1 0 1 1 1 0 1
I 0 0 0 0 0 0 0 0 0 1 0 0 O 1 1 0 0 0 0 1 1 1
I 0 0 0 0 0 0 0 0 1 1 0 0 O 1 0 1 1 1 0 1 0 1
I 0 0 0 0 0 0 0 0 0 1 0 0 O 0 1 1 0 1 1 0 1 1
I 0 0 0 0 0 0 0 0 1 1 0 0 O 0 1 1 0 0 1 0 1 1
I 0 0 0 0 0 0 0 0 0 1 0 0 O 0 1 1 1 0 0 1 0 1
I 0 0 0 0 0 0 0 0 1 1 0 0 O 0 1 1 0 1 1 1 1 1
I 0 0 0 0 0 0 0 0 0 1 0 0 O 0 0 0 0 0 0 0 0 0
--------------------
I 0 0 1 1 0 0 0 1 0 1 0 1 O 0 0 0 0 0 0 0 0 0
I 0 0 0 0 0 0 0 0 1 1 0 0 O 0 1 1 0 1 1 1 0 1
I 0 0 0 0 0 0 0 0 0 1 0 0 O 1 1 0 0 0 0 1 1 1
I 0 0 0 0 0 0 0 0 1 1 0 0 O 1 0 1 1 1 0 1 0 1
I 0 0 0 0 0 0 0 0 0 1 0 0 O 0 1 1 0 1 1 0 1 1
I 0 0 0 0 0 0 0 0 1 1 0 0 O 0 1 1 0 0 1 0 1 1
I 0 0 0 0 0 0 0 0 0 1 0 0 O 0 1 1 1 0 0 1 0 1
I 0 0 0 0 0 0 0 0 1 1 0 0 O 0 1 1 0 1 1 1 1 1
I 0 0 0 0 0 0 0 0 0 1 0 0 O 0 0 0 0 0 0 0 0 0
--------------------
I 0 0 1 1 0 0 1 0 0 1 0 1 O 0 0 0 0 0 0 0 0 0
I 0 0 0 0 0 0 0 0 1 1 0 0 O 0 1 1 0 1 1 1 0 1
I 0 0 0 0 0 0 0 0 0 1 0 0 O 1 1 0 0 0 0 1 1 1
I 0 0 0 0 0 0 0 0 1 1 0 0 O 1 0 1 1 1 0 1 0 1
I 0 0 0 0 0 0 0 0 0 1 0 0 O 0 1 1 0 1 1 0 1 1
I 0 0 0 0 0 0 0 0 1 1 0 0 O 0 1 1 0 0 1 0 1 1
I 0 0 0 0 0 0 0 0 0 1 0 0 O 0 1 1 1 0 0 1 0 1
I 0 0 0 0 0 0 0 0 1 1 0 0 O 0 1 1 0 1 1 1 1 1
I 0 0 0 0 0 0 0 0 0 1 0 0 O 0 0 0 0 0 0 0 0 0
--------------------
I 0 0 1 1 0 1 0 0 0 1 0 1 O 0 0 0 0 0 0 0 0 0
I 0 0 0 0 0 0 0 0 1 1 0 0 O 0 1 1 0 1 1 1 0 1
I 0 0 0 0 0 0 0 0 0 1 0 0 O 1 1 0 0 0 0 1 1 1
I 0 0 0 0 0 0 0 0 1 1 0 0 O 1 0 1 1 1 0 1 0 1
I 0 0 0 0 0 0 0 0 0 1 0 0 O 0 1 1 0 1 1 0 1 1
I 0 0 0 0 0 0 0 0 1 1 0 0 O 0 1 1 0 0 1 0 1 1
I 0 0 0 0 0 0 0 0 0 1 0 0 O 0 1 1 1 0 0 1 0 1
I 0 0 0 0 0 0 0 0 1 1 0 0 O 0 1 1 0 1 1 1 1 1
I 0 0 0 0 0 0 0 0 0 1 0 0 O 0 0 0 0 0 0 0 0 0
--------------------
I 0 0 1 1 0 1 0 1 0 1 0 1 O 0 0 0 0 0 0 0 0 0
I 0 0 0 0 0 0 0 0 1 1 0 0 O 0 1 1 0 1 1 1 0 1
I 0 0 0 0 0 0 0 0 0 1 0 0 O 1 1 0 0 0 0 1 1 1
I 0 0 0 0 0 0 0 0 1 1 0 0 O 1 0 1 1 1 0 1 0 1
I 0 0 0 0 0 0 0 0 0 1 0 0 O 0 1 1 0 1 1 0 1 1
I 0 0 0 0 0 0 0 0 1 1 0 0 O 0 1 1 0 0 1 0 1 1
I 0 0 0 0 0 0 0 0 0 1 0 0 O 0 1 1 1 0 0 1 0 1
I 0 0 0 0 0 0 0 0 1 1 0 0 O 0 1 1 0 1 1 1 1 1
I 0 0 0 0 0 0 0 0 0 1 0 0 O 0 0 0 0 0 0 0 0 0
--------------------
I 0 0 1 1 1 0 0 0 0 1 0 1 O 0 0 0 0 0 0 0 0 0
I 0 0 0 0 0 0 0 0 1 1 0 0 O 0 1 1 0 1 1 1 0 1
I 0 0 0 0 0 0 0 0 0 1 0 0 O 1 1 0 0 0 0 1 1 1
I 0 0 0 0 0 0 0 0 1 1 0 0 O 1 0 1 1 1 0 1 0 1
I 0 0 0 0 0 0 0 0 0 1 0 0 O 0 1 1 0 1 1 0 1 1
I 0 0 0 0 0 0 0 0 1 1 0 0 O 0 1 1 0 0 1 0 1 1
I 0 0 0 0 0 0 0 0 0 1 0 0 O 0 1 1 1 0 0 1 0 1
I 0 0 0 0 0 0 0 0 1 1 0 0 O 0 1 1 0 1 1 1 1 1
I 0 0 0 0 0 0 0 0 0 1 0 0 O 0 0 0 0 0 0 0 0 0
--------------------
I 0 0 1 1 1 0 0 1 0 1 0 1 O 0 0 0 0 0 0 0 0 0
I 0 0 0 0 0 0 0 0 1 1 0 0 O 0 1 1 0 1 1 1 0 1
I 0 0 0 0 0 0 0 0 0 1 0 0 O 1 1 0 0 0 0 1 1 1
I 0 0 0 0 0 0 0 0 1 1 0 0 O 1 0 1 1 1 0 1 0 1
I 0 0 0 0 0 0 0 0 0 1 0 0 O 0 1 1 0 1 1 0 1 1
I 0 0 0 0 0 0 0 0 1 1 0 0 O 0 1 1 0 0 1 0 1 1
I 0 0 0 0 0 0 0 0 0 1 0 0 O 0 1 1 1 0 0 1 0 1
I 0 0 0 0 0 0 0 0 1 1 0 0 O 0 1 1 0 1 1 1 1 1
I 0 0 0 0 0 0 0 0 0 1 0 0 O 0 0 0 0 0 0 0 0 0
--------------------
I 1 1 0 0 0 0 1 1 0 1 0 1 O 0 0 0 0 0 0 0 0 0
I 1 0 1 0 0 0 0 1 1 1 0 1 O 0 0 0 0 0 0 0 0 0
I 0 0 0 0 0 0 0 0 0 1 0 0 O 0 1 1 1 0 1 1 0 1
I 0 0 0 0 0 0 0 0 1 1 0 0 O 0 1 1 0 1 1 1 1 1
I 0 0 0 0 0 0 0 0 0 1 0 0 O 0 1 1 0 0 1 1 1 1
I 0 0 0 0 0 0 0 0 1 1 0 0 O 0 1 1 0 0 0 0 1 1
I 0 0 0 0 0 0 0 0 0 1 0 0 O 0 1 1 0 1 1 0 0 1
I 0 0 0 0 0 0 0 0 1 1 0 0 O 0 0 0 0 0 0 0 0 0
--------------------
I 1 1 0 0 0 0 1 1 0 1 0 1 O 0 0 0 0 0 0 0 0 0
I 1 0 1 0 0 0 0 0 1 1 0 1 O 0 0 0 0 0 0 0 0 0
I 0 0 0 0 0 0 0 0 0 1 0 0 O 0 1 1 1 0 1 1 0 1
I 0 0 0 0 0 0 0 0 1 1 0 0 O 0 1 1 0 1 1 1 1 1
I 0 0 0 0 0 0 0 0 0 1 0 0 O 0 1 1 0 0 1 1 1 1
I 0 0 0 0 0 0 0 0 1 1 0 0 O 0 1 1 0 0 0 0 1 1
I 0 0 0 0 0 0 0 0 0 1 0 0 O 0 1 1 0 1 1 0 0 1
I 0 0 0 0 0 0 0 0 1 1 0 0 O 0 0 0 0 0 0 0 0 0
--------------------
I 1 1 0 0 0 0 1 1 0 1 0 1 O 0 0 0 0 0 0 0 0 0
I 1 0 1 0 0 0 1 1 1 1 0 1 O 0 0 0 0 0 0 0 0 0
I 0 0 0 0 0 0 0 0 0 1 0 0 O 0 1 1 1 0 1 1 0 1
I 0 0 0 0 0 0 0 0 1 1 0 0 O 0 1 1 0 1 1 1 1 1
I 0 0 0 0 0 0 0 0 0 1 0 0 O 0 1 1 0 0 1 1 1 1
I 0 0 0 0 0 0 0 0 1 1 0 0 O 0 1 1 0 0 0 0 1 1
I 0 0 0 0 0 0 0 0 0 1 0 0 O 0 1 1 0 1 1 0 0 1
I 0 0 0 0 0 0 0 0 1 1 0 0 O 0 0 0 0 0 0 0 0 0
--------------------
I 1 1 0 0 0 0 1 1 0 1 0 1 O 0 0 0 0 0 0 0 0 0
I 1 0 1 0 1 0 0 1 1 1 0 1 O 0 0 0 0 0 0 0 0 0
I 0 0 0 0 0 0 0 0 0 1 0 0 O 0 1 1 1 0 1 1 0 1
I 0 0 0 0 0 0 0 0 1 1 0 0 O 0 1 1 0 1 1 1 1 1
I 0 0 0 0 0 0 0 0 0 1 0 0 O 0 1 1 0 0 1 1 1 1
I 0 0 0 0 0 0 0 0 1 1 0 0 O 0 1 1 0 0 0 0 1 1
I 0 0 0 0 0 0 0 0 0 1 0 0 O 0 1 1 0 1 1 0 0 1
I 0 0 0 0 0 0 0 0 1 1 0 0 O 0 0 0 0 0 0 0 0 0
--------------------
I 1 1 0 0 0 0 1 1 0 1 0 1 O 0 0 0 0 0 0 0 0 0
I 1 0 1 1 0 0 1 1 1 1 0 1 O 0 0 0 0 0 0 0 0 0
I 0 0 0 0 0 0 0 0 0 1 0 0 O 0 1 1 1 0 1 1 0 1
I 0 0 0 0 0 0 0 0 1 1 0 0 O 0 1 1 0 1 1 1 1 1
I 0 0 0 0 0 0 0 0 0 1 0 0 O 0 1 1 0 0 1 1 1 1
I 0 0 0 0 0 0 0 0 1 1 0 0 O 0 1 1 0 0 0 0 1 1
I 0 0 0 0 0 0 0 0 0 1 0 0 O 0 1 1 0 1 1 0 0 1
I 0 0 0 0 0 0 0 0 1 1 0 0 O 0 0 0 0 0 0 0 0 0
--------------------
I 1 1 0 0 0 0 1 1 0 1 0 1 O 0 0 0 0 0 0 0 0 0
I 1 0 1 1 0 1 0 0 1 1 0 1 O 0 0 0 0 0 0 0 0 0
I 0 0 0 0 0 0 0 0 0 1 0 0 O 0 1 1 1 0 1 1 0 1
I 0 0 0 0 0 0 0 0 1 1 0 0 O 0 1 1 0 1 1 1 1 1
I 0 0 0 0 0 0 0 0 0 1 0 0 O 0 1 1 0 0 1 1 1 1
I 0 0 0 0 0 0 0 0 1 1 0 0 O 0 1 1 0 0 0 0 1 1
I 0 0 0 0 0 0 0 0 0 1 0 0 O 0 1 1 0 1 1 0 0 1
I 0 0 0 0 0 0 0 0 1 1 0 0 O 0 0 0 0 0 0 0 0 0
--------------------
I 1 1 0 0 0 0 1 1 0 1 0 1 O 0 0 0 0 0 0 0 0 0
I 1 0 1 1 1 0 1 0 1 1 0 1 O 0 0 0 0 0 0 0 0 0
I 0 0 0 0 0 0 0 0 0 1 0 0 O 0 1 1 1 0 1 1 0 1
I 0 0 0 0 0 0 0 0 1 1 0 0 O 0 1 1 0 1 1 1 1 1
I 0 0 0 0 0 0 0 0 0 1 0 0 O 0 1 1 0 0 1 1 1 1
I 0 0 0 0 0 0 0 0 1 1 0 0 O 0 1 1 0 0 0 0 1 1
I 0 0 0 0 0 0 0 0 0 1 0 0 O 0 1 1 0 1 1 0 0 1
I 0 0 0 0 0 0 0 0 1 1 0 0 O 0 0 0 0 0 0 0 0 0
